-0.000578132781504184
-0.000109482876977695
0.000479650828798125
0.0107564875305171
-0.0117646474100889
-0.00409615714685767
-0.997833123564292
0.00742800059923952
-0.00445286600733075
-0.0099365503627126
-0.0074020372080154
0.0001108161211291
-0.00117605985551339
0.00308811023980471
-0.00125367922969815
0.0206537127624854
0.00158260233368151
-0.00198135591516253
-0.0280122012810192
0.0244308696741764
-2.98021009230714e-05
-0.0349995185369194
-0.000440372184322702
-0.000593777945543941
-0.000700238904277696
0.00332631496351504
-0.000256227829589951
6.03066311107517e-05
-0.000972788946886913
0.00466081588376493
0.00408515867836274
0.00042555970471923
-0.015544766945133
0.00724369307996616
-0.0145645174421559
-0.000490355358581965
0.014793629194815
-0.000372335985732728
-0.00788465732506107
5.99986682983038e-05
0.00415320198693714
-0.0109059214058138
-0.00578576867208843
-0.996274387490613
0.00341187452823888
-0.00925623155457529
-0.011472646676226
-0.0107526802621275
0.00124979314905104
-0.0298577833651391
0.000309471800577791
-0.00338470062287146
0.0332499725199428
0.0009662007131514
-0.00697136198396182
-0.0368129385804902
0.041736561518029
-0.00100031257930186
-0.0135280016031401
-0.000553358596656151
-0.000960798620264718
-0.00305018626957174
0.00131494538422778
-0.00130141040634516
0.000840552618312325
-0.00381665103277358
0.0162905557497414
0.0217493728016788
0.00385253497829288
-0.00849727140102791
0.00597063580735766
-0.00212550005502738
-0.000517957265983915
0.024996970948081
-0.000238616402794744
-4.54653992553591e-05
0.000220464935475091
0.00148297917222897
-0.00691794936547441
-0.00186868584372529
-0.999826591159036
0.00507688990482637
-0.000775661575229016
-0.00157508930849124
-0.00213943070762759
0.000484729370613842
-0.00419373355750395
0.000572912956133545
-0.00170180314582998
0.000731384251945109
0.000896236267548974
-0.00197666212622027
-0.00511195903975701
0.0058213935440876
-0.000341382807114366
-0.00345945990323147
-0.000401127299417645
-0.000296268711825395
-0.000911767283222771
0.00351319776244171
-0.000283682945476103
0.000157697509907565
-0.00109933518789443
0.00382850179100447
0.00108047051722207
0.000882078185284561
-0.00240147935593415
0.00257031374552441
-0.00494570206197332
-0.000356357670607117
0.00964360295398571
-0.000748171508129351
-0.0374207698399115
0.000740693632953157
0.0380261772186637
-0.014498889482509
-0.00496569080186595
0.777030711911703
0.24707791915429
-0.0714566317143372
-0.0504624430609832
-0.0212102356868412
0.00101498104426636
-0.0819588751912867
0.00891662358773268
-0.0350885892542955
0.221513678294852
0.00458625318251365
-0.0128383795215945
-0.315856572248883
0.193288631332753
-0.00701999081662729
-0.229117457437198
-0.00242719328544211
-0.00143758774127058
-0.00883107153671479
0.204438891477087
-0.00591548264593522
0.00477202681976382
-0.0279397638010642
0.0481588998697827
0.0727701479015259
0.015280566034061
-0.0442224778401095
0.00208520533078087
-0.148358785042934
-0.00631918066153777
0.0495970425040253
-0.00122290968072585
-0.00322134829595179
0.000901139368009603
0.0239209892637836
-0.00676006760637048
-0.00611399501666484
-0.981695156669355
0.0194817539892852
-0.0185818266356734
-0.0236302193512998
-0.016901360354665
0.00125828577274435
-0.0541384690094678
0.00397655943936374
-0.00439648852327702
0.0191174236033174
0.00762310258741343
-0.000859200354258801
-0.0724623520656814
0.0662516035389816
-0.00141995429321541
-0.10441313343082
-0.00113760788232822
-0.000646460273276779
-0.00120979233485118
0.074026087092133
-0.000522363980199501
0.000809690297193735
-0.0111980113864082
0.0177388462723909
0.0312240183162507
0.00439443749870181
-0.0393780484954511
0.0160968901279491
-0.0370442090062276
-0.000345548717763295
0.00107353239308956
-0.000553399986437095
-0.00249461543100407
0.000447823092853691
0.01298328662203
-0.00530246055454207
-0.00468829866384187
-0.992678414973615
0.0464403333931608
-0.0109492624372024
-0.0156209415577125
-0.00355280867787556
0.00202142212188642
-0.000843466405433615
0.0114770801656601
-0.0047954803218991
0.0428892113777631
0.00757884586007713
-0.00665337803570067
-0.0158748711347056
0.0185422644253842
-0.00128334799048562
-0.0818869613559685
-0.00116579065070414
-0.000466441265653348
-0.00177091520914627
0.0328442989296648
-8.92015574774791e-05
0.000473790977174344
-0.00168427235814277
0.0205934521301406
0.0129809737517726
0.00173496460577675
-0.00749684590140814
0.00083392213906068
-0.0116008851044523
-0.00184459924203093
0.0234578617847417
-0.000361096020207422
-0.00654834858173877
0.00126266242649771
0.0138404039330667
-0.0306319356087488
-0.0106528646832683
-0.982557962743509
0.0151176033675526
-0.0259734014986999
-0.00812746195164295
-0.0120597239777407
0.00160727143623167
-0.0164799040966985
0.0133287334451508
-0.00240015418331675
0.058819359162329
0.0127685663251322
-0.00845881657640699
-0.00991669011990052
0.0544710526798103
-0.00192430598312008
-0.139270397197746
-0.0010189439120629
-0.00212879526036682
-0.00456853074637596
0.0388870564393947
-0.00222613592805028
0.00102804416014413
-0.00932411527485025
0.00790345521820284
0.000240588196511725
0.00272244743654156
-0.0430594824070368
0.0101952473711776
-0.027134416909126
-0.00305542774452659
0.0339817217896706
-3.07363209487566e-05
-0.00204411469983082
0.000278628966834833
0.00470330395786578
-0.00186481192954705
-0.000449357326934774
0.999514184578259
0.0106625035449944
-0.00209926301713698
-0.0020353414363271
-0.000468486481477351
1.98140553664031e-05
-0.00520989983966136
0.00134266143986882
-0.00163408440701869
0.00676263328624876
0.00109388996075162
-0.00140438992463033
-0.00778517083795275
0.00174018896721555
-0.000423790612277033
-0.0189363923344489
-0.000565340197212666
-9.63449518288391e-05
-0.000415282135727817
0.0143825439441177
-0.000338128170031817
4.62438461721448e-05
-0.00200815047870955
0.00328803434388413
0.00363485067349886
3.91577789274359e-05
-0.00245274940532903
0.00142737137967194
-0.00738495130260737
-0.000339608088728322
0.0042092762894362
-6.83927802191477e-05
-0.00237410547077513
0.000429517697882303
0.00853329721932166
-0.00713893286488788
-0.00490264223201715
-0.998851797802776
0.00010168478656394
-0.0102244065642592
-0.00971751049274578
-0.00245112111205497
0.000425156947577927
-0.018238285527555
0.00620617654096168
-0.0044840375965759
0.00379192002862652
0.00553827426010623
-0.00112169753686404
-0.0079807389135168
0.00653852403873888
-0.000367779634421938
-0.0055311516760166
-0.000261275228841276
-0.000322787398534369
-0.00158149928231702
0.0280266479938978
-2.27954031354346e-05
0.000508237822268167
-0.000423301290441134
0.00635716258188939
0.014538645473817
0.000131793719109509
-0.0127095207399805
0.00496468144219791
-0.00846879005328282
-0.000572270518824403
0.00793088108316719
-0.000370078801309108
-0.000931994642747385
0.000498600247025388
0.00854261037905997
-0.0126608348766795
-0.00159840570789948
-0.996963045980605
0.0128858685315311
-0.00127942862499268
-0.00609095467156332
-0.00776766374281236
0.000867273264988908
-0.0204002535161128
0.0077790734302364
-0.00261198022210927
0.0267476928027384
0.000847223755519805
-0.00328463798483812
-0.0100400412351018
0.027928776193117
-0.000596339029628947
-0.0509832127871831
-3.14454593698749e-05
-0.00021336008291713
-0.00228949855083822
0.00266078917961906
-0.000140575859716779
0.000465658665821738
-0.00346398651878343
0.00588590800785184
0.0113383532931385
0.000110627524199359
-0.012839877134738
0.00542177377543819
-0.00150060696629225
-0.0011251193116177
0.0220277721177701
-0.00196658514640244
-0.0082460951981975
0.00113274514492358
0.00354256920854285
-0.0142965155563373
-0.0102992175161194
-0.992921571478309
0.0285508119527046
-0.00128978530873825
-0.0188259953196978
-0.0141766958323198
0.000548700720472182
-0.0309836603189603
0.00398220146780941
-0.00955882659447697
0.0390163550789847
0.000181675649349012
-0.00624031896498366
-0.0499789033921424
0.0464818685243028
-0.000325925299442356
-0.0354221285876278
-0.00240084502030415
-0.000292846407017013
-0.00342941639138528
0.043741930449894
-0.00174943399217951
0.000929388731654181
-0.00508204651775345
0.000227952940730804
0.0129320802869727
0.00385277638672463
-0.0221236102139828
0.0129430351661709
-0.0243143406621212
-5.15111251443654e-05
0.0201321989488024
-0.000803087568178675
-0.000301767493946443
0.000383321813332333
0.000471055037199892
-0.000513967597667055
-0.000245989830348785
-0.99888406308283
0.0188056231127732
-0.00702686998361012
-0.00550478060541805
-0.00156027592996146
0.00064052665522239
-0.0061855192757044
0.0047187623200036
5.29678094491505e-06
0.0190202506739847
0.00229866117575035
-0.00327241261597695
-0.019401282431773
0.00422673480187665
-8.55666571405854e-05
-0.0220252831001046
-0.000688565488387532
-0.000111801397029985
-0.00100938024887652
0.00705308654675724
-0.000619712374093681
0.000172299341379744
-0.00242116734045997
0.00466572785466158
0.00772051846463582
0.00106286675654245
-0.00231717101745043
0.00541106063018057
-0.00249567004806669
-0.000849132760739583
0.0171378916585189
-8.48649305487381e-05
-0.00120289096449084
9.49470833421967e-05
0.00191775563498096
-0.00456194412714375
-0.000757939038711467
-0.998804143102062
0.0206089584218802
-0.00805966363447043
-0.00491842038144974
-0.00386789904326339
0.000135174398416036
-0.00359724069052664
0.00101926415677668
-0.00405750000516117
0.0196221619856585
0.00196848638601943
-0.000730599210425096
-0.0154474893342547
0.0101182941322079
-0.000573774960337985
-0.0193868301472003
-0.000393872365901938
-0.000386745044277277
-0.000775682119654123
0.015326765745326
-0.000744798624290336
3.68986430408563e-05
-0.00297653919759811
0.00594943967944311
0.00273922977256272
0.0019634593660711
-0.000919319323729536
0.00574348067131412
-0.00849224478304542
-0.00113332578790881
0.0172804681534713
-0.0014089588462247
-0.00144781475810387
0.000665711167951553
0.00441425415159245
-0.0208211160220541
-0.00655299093916154
0.997276155390892
0.0359623226826535
-0.00841931011773306
-0.00412798683556119
-0.00962286668440124
0.00163210708060784
-0.0209147058043408
0.00815474038665995
-0.005247769191321
0.0251669532407256
0.00537368312102339
-0.00139285977550625
-0.0122115759234122
0.0133961800970715
-0.00127413790521316
-0.00393263331158099
-0.000632733320853273
-0.000397714955407586
-0.00130534867734117
0.0321133895885969
-0.000402486809822577
0.000301339350488091
-0.00643864155663712
0.000249577511272038
0.00664358214987615
0.00100796367046196
-0.0145620777800123
0.00148127237641036
-0.0073504571052339
-0.00182107870041256
0.0230205684331229
-0.00332128290266794
-0.00497492686204445
0.000753900225757525
0.0113385948337707
-0.00969730124328341
-0.0152741057995054
0.985553700985191
0.0492980201356819
-0.0129952532273577
-0.0143830131379472
-0.0130982669815995
0.00218640871813032
-0.0629398576901496
0.00971592522452298
-0.00883445151893242
0.0103869071290103
0.0113855142719263
-0.00371499978341296
-0.0749344696858188
0.0683466237271548
-0.00241390451246101
-0.0160769598779481
-0.00386942321557454
-0.000858656604096733
-8.71799467605163e-05
0.0685864253479452
-0.00106351746017939
0.000664500203005997
-0.0128934084823639
0.0253208941068899
0.00790664687692962
0.00185792718246299
-0.0461023055708353
0.00230194672056156
-0.0458445342879289
-0.00357875865805947
0.0208170782065138
-0.000409364509419466
-0.0018845623757674
0.000131929298744545
0.00742299970177637
-0.00774071993879518
-0.000966971978140157
0.998780124302063
0.0197667153812958
-0.00371434668054645
-0.00129061796117719
-0.00232592933506063
0.000139157938428351
-0.000156474549190605
0.00505891397089873
-0.00327765766165913
0.000907793502241274
0.00269451327463307
-0.00184516636042129
-0.0152946194695031
0.00210611486654691
-9.98441196838082e-05
-0.0365970466407394
2.210991781831e-06
-0.000600260352278666
-0.000777449332409505
0.00146301699786879
-0.000408653564078554
0.000258391751309754
-0.00234795006532831
0.00337030149250818
0.0050746790287625
0.000365255476304271
-0.00128514925307663
0.00060303408941143
-0.00135064542193616
-0.000225087702150441
0.0152120604979203
-0.000345011960333066
-0.00703608251619096
0.000790673636294404
0.00186813857011611
-0.00137800117126449
-0.00457395028486069
-0.995625434932909
0.0428308748093456
-0.00710684782277198
-0.0120531065438349
-0.0021591666605783
0.000382771407476981
-0.0253216158833533
0.00205316249768645
-0.00181478640524124
0.0163794408919316
0.0055780377835429
-0.00306782859316863
-0.0460756348762941
0.0110014202828427
-0.000533416914700798
-0.0502670673960728
-0.00167089557814653
-0.000754057733275594
-0.00092706146872403
0.00752619762626449
-0.000347554447564471
7.46022176757979e-05
-0.00312157437220667
0.0158764320005335
0.0163321046298787
0.00292570355134336
-0.00369855403712212
0.00710075635570135
-0.0118244947555969
-0.000170091899061204
0.00936761436629525
-0.00635151299520542
-0.0363265422373416
3.04311036809814e-06
0.063301038763417
-0.14120435215419
-0.0352470945259265
0.613586834313499
0.421677786445676
-0.0572401769104433
-0.14184055067583
-0.082212731634848
0.00975852148377087
-0.0307421546870683
0.0379324538940616
-0.0438661707326277
0.37646029002279
0.0433608830623916
-0.0252824933106989
-0.0749957186307848
0.00717129882851358
-0.0108560782359581
-0.267646549966879
-0.00593796364445717
-0.00948491932488453
-0.0173962771979905
0.346723407367427
-6.72661059052143e-05
0.00174617221703027
-0.0447561455230423
0.0160578880005904
0.0984824315027854
0.0307701265862068
-0.0698481497811358
0.016900093615625
-0.0277364661931911
-0.0103518100109753
0.152735157162766
-0.0138693469655623
-0.0790372601015113
0.00363745614013256
0.0854447436672647
-0.0704610837668139
-0.0708431679561171
-0.227521655803879
0.460441779808495
-0.144104603204884
-0.0302656714906984
-0.0436504476594416
0.00993781830528204
-0.143557637692486
0.0365092251953959
-0.0334761529001982
0.290635301008235
0.0664990426363091
-0.0259417020898
-0.379870917096029
0.385931559280131
-0.00270358128106288
-0.270421888854941
-0.00437464560180951
-0.00564864532071718
-0.0199451084983212
0.250993526752074
-0.00605195072887076
0.00235539766379506
-0.0179930311104284
0.137582524462731
0.182153033674541
0.0382919347338844
-0.244726267811273
0.0493382832892376
-0.16370457600179
0.000249009101109781
0.0573194531755717
-9.72933725306686e-05
-0.00443723668976788
0.000186125886189817
0.00666788017414453
-0.00461607980301406
-0.00534149580387151
-0.998626320492844
0.00337978317205354
-0.0118728129370543
-0.00831405984036736
-0.00249834044681211
0.00117897732183768
-0.00933323539110202
0.00334459262372903
-0.00088486975138603
0.0111334055197649
0.00442040169792552
-0.00429557658080854
-0.0150124284041953
0.0238442324254875
-5.04421161688214e-05
-0.0225370466933537
-0.000557602485501561
4.15169412909861e-06
-0.00187735468221491
0.00319611829873853
-0.000198506298045768
0.000313414075487686
-0.00499219799970907
0.00922013014055685
0.00985790807874035
0.00186566078668038
-0.00366895611630481
0.00641816527382247
-0.0167123889873761
-0.00169511326080925
0.0166679436248222
-0.000396736600457836
-0.00861124661238348
0.000658111786943689
0.0148634696507566
-0.0177154860980729
-0.00266649989635166
0.986014949622383
0.0451412014456978
-0.0124777227013952
-0.0166756738502198
-0.0104291360223596
0.00330698759629781
-0.0238732007685785
0.0221555250972064
-0.00739048346456709
0.0771954020591266
0.0113404385237202
-0.00338442767217632
-0.0798351559482064
0.0779701187202567
7.76236192958681e-05
-0.017722328231011
-0.000801616326815035
-0.00145437684179728
-0.00308399443621348
0.0205136948099841
-0.000835386218749208
0.000712953173735892
-0.000923628994876124
0.0348147505745994
0.00902309230268969
0.0066409518857566
-0.0419276169912096
0.00167222892348152
-0.0139343965118479
-0.00091619181386829
0.0292670950478619
-0.00139931505115595
-0.00231141321721498
0.000164476212358307
0.00275588350240234
-0.0218255100652001
-0.00539960193452024
-0.997465540785204
0.0337858103735184
-0.0133325654512906
-0.00547078483987985
-0.00138938359923264
0.000740201305866099
-0.0196793948717989
0.00953205814065396
-0.00462204891506975
0.0249056238046955
0.00337723953252603
-0.00408603526117661
-0.00272650957101918
0.00499447076703553
-0.000212971175018311
-0.00355950062663103
-0.000757487027359008
-0.000538428106860936
-0.00251468760011739
0.033605766288087
-0.000742614711573016
0.000495088877185386
-5.31351202802833e-05
0.0173003474844644
0.00545893790258466
0.00093256033646273
-0.0116207012967382
0.00829726555170579
-0.015071232102799
-0.00202082446998761
0.00974746135155151
-0.000745176119761938
-0.0298323672594632
0.00807023019388507
0.129018098678847
-0.0973597184863791
-0.0386391661883513
0.268937089722285
0.572752655169159
-0.142078979637344
-0.0389083538874298
-0.0614164375234115
0.0189450464044746
-0.303361893373348
0.0188990431861193
-0.0795053975112439
0.420902805720389
0.0636440874979733
-0.0109175504571467
-0.0301896408921848
0.0373283890507189
-0.0019464900172292
-0.389941729872071
-0.00140831653695368
-0.00522413213120472
-0.0371969200508857
0.0846753345901586
-0.00818212528170923
0.00438736569005021
-0.0293222550313832
0.0650579944302035
0.234996740517302
0.00273465355612027
-0.112491610107195
0.0455945222558031
-0.109793773627082
-0.0258531954862775
0.119897636357736
-0.00048377515132037
-0.00600062395767701
0.000321709417703795
0.0116135251941796
-0.0178554938922827
-0.000908246757621849
0.996908036642077
0.0262980907870762
-0.0148660403014711
-0.00759566274471395
-0.00997630133474284
3.29102253595527e-05
-0.0101091671514225
0.00640495009050126
-0.000686073081090879
0.00946018823492449
0.0026479238459648
-0.00198899491939938
-0.0227140515816895
0.0332153808602724
-0.000164569135555495
-0.0351878851500562
-0.000254772682796554
-0.000342108592455226
-0.000873981381491107
0.0134102452123314
-0.000691373736713939
0.000506550984968071
-7.76502217758953e-05
0.0152178319488594
0.00498195588548979
0.000867011490386239
-0.011148898654173
0.00221131437435105
-0.00863794337585889
-0.00098930747334185
0.0294734043314407
-6.2502830396382e-05
-0.00121518674229872
3.85406632424289e-05
0.00346589247742866
-0.00637522325323649
-0.00103882556458645
-0.999806808192622
0.00693710351180242
-0.00027203206526337
-0.000382201087454948
-0.000301771963714513
0.000208408219086345
-0.00771057897161182
0.00171341636926088
-0.00163803455683958
0.00528817353100257
0.00209234430943173
-0.000289087913029223
-0.00038606166511735
0.00529537110628106
-0.000207799777546633
-0.00907174741621467
-0.000409742962161991
-0.000138296637854154
-7.40990702406283e-05
0.00570757468022192
-0.000181835659170267
0.0001203798434106
-0.00178550925069822
0.0051412178091342
0.00201890003161799
0.000509758678865436
-0.00100761305561176
0.000665883024013853
-0.00118592087574057
-0.000400240167295139
0.00219669025240068
-0.00061829686330063
-0.000517312344319961
0.00107134414468088
0.00119292720836552
-0.000144061760767911
-0.00417600654739512
-0.991128850657502
0.0105612067171999
-0.0137515463923117
-0.014259190927594
-0.0139588077992301
0.00214714229509294
-0.0206276302464762
0.000931832470622187
-0.00773904479875488
0.0298474567772994
0.0080517594824427
-0.00824974199203521
-0.0575882935304705
0.0126705377803832
-0.00136600544967209
-0.0939662304874696
-0.00143959682877791
-0.000115322907054637
-0.000417755807613739
0.0234053397188706
-0.000651817641799875
0.000684413504097792
-0.00109354051875351
0.00109183607389191
0.0240916025833304
0.000382718154215757
-0.0254418784531998
0.00504006131622019
-0.00902027807240189
-0.000154916504708798
0.0351143437497089
-4.05309996033486e-05
-0.000486325334115504
2.6169805969136e-05
0.000436943163793096
-0.00113480151840687
-0.000130466758182262
-0.999972871684578
0.00183466713389971
-0.000849863857744955
-0.000772383379138606
-0.000181322160922265
0.000118926258793342
-0.00175313724807561
0.000772070634573423
-0.000340977686426622
0.00165253172511459
0.00021546179278988
-0.000396756766424412
-0.00175590228926547
0.00233086280042863
-7.26824429984308e-05
-0.00452375583458485
-5.2861461856801e-05
-5.90609337170703e-05
-0.000152192506620946
0.00237263047147339
-7.69619260118931e-05
1.15128889116586e-05
-8.83057113535759e-05
0.00116469443257057
0.00113032066196274
0.000102746097171187
-0.00120957155172625
0.000358868043611529
-0.00136893601349968
-3.43918235213757e-05
0.000546598199335165
-0.00165301555519646
-0.0128983728995829
0.000929099782495346
0.0285537731407437
-0.00571664168832424
-0.00999628511695339
-0.986953127201026
0.0858813420037565
-0.00453168287063415
-0.0235232682724742
-0.0180222272712155
0.000971169413335743
-0.0306756469735955
0.00828667414817188
-0.00412783224545115
0.00981383178694218
0.000494736058427936
-0.00410623792365895
-0.0208220839186954
0.0806663351805035
-0.00183306063948304
-0.0176886740711895
-0.001167763692555
-0.000534622280519465
-0.0051090792607674
0.0672711475100632
-0.000231961304248197
0.000335972694350186
-0.0128337298583648
0.0310455073054042
0.0286168882242288
0.00206232836107743
-0.00354790406401412
0.0122863774684806
-0.0380793893916248
-0.000475191145383547
0.00381830405665192
-0.00327405333198163
-0.0145108875869049
0.000428933976911585
0.0310855167423757
-0.0134851996438932
-0.00832627470285623
-0.959738122593903
0.0959902988220888
-0.0233990634757632
-0.0437532285032622
-0.0199218922704748
0.00422177900107485
-0.0225257576533153
0.0255237991505057
-0.0144851353977992
0.0510155577193839
0.0213616568434724
-0.00697459343465145
-0.0637729918112688
0.110664105224985
-0.00238709507658532
-0.18814761298584
-0.00447589711778059
-0.000816978928322227
-0.00392930586148048
0.0404567421134251
-0.00051776565803708
0.000998726459513502
-0.0163155486659371
0.0356062153205222
0.04066635145007
0.00372460943670986
-0.0242572664016012
0.020280874348188
-0.0567513174032851
-0.00370206789207761
0.00825496521201484
-0.00146634583284668
-0.012095230606499
0.000569150536891634
0.0110394162728773
-0.0412662848555429
-0.00195241701144499
0.962859549005058
0.0855379106426734
-0.00792901332446634
-0.0198480431805905
-0.0147731798793869
0.00240019198754862
-0.0333118565449965
0.000683204567910172
-0.0157576814722591
0.0865174608865691
0.0197663214536887
-0.00778965556082082
-0.0731004301278707
0.10397319861097
-0.00153950234226828
-0.166284246710614
-0.00322761264356582
-0.000937279491251185
-0.00148151737356079
0.0242070623799758
8.74272122233669e-05
0.000629491747652964
-0.0144305498627907
0.00755410089122385
0.0493581365805344
0.00859287583452763
-0.01429899394181
0.00704758682259638
-0.00430267327671607
-0.0027550913436571
0.0785434340490589
-0.00249180602617656
-0.000437848931956358
0.000679229705443206
0.0184789686115856
-0.00940050940005283
-0.00869339741978564
-0.983960210496011
0.0765207772635711
-0.012410873741725
-0.00484869045972538
-0.0131757302137062
0.00198447061372487
-0.0572089754868643
0.0198724381775277
-0.0121816516909595
0.0330186798496186
0.00151055740048493
-0.00974540320674717
-0.0835413127939341
0.00384254088254635
-0.00143296447799374
-0.041510036757892
-0.00262154738780646
-0.00162981971411993
-0.00325890008913887
0.0878715416670459
-0.00196626782278055
0.000264556936844617
-0.00726645268979943
0.0255839094182389
0.0182366598508524
0.00170528108940068
-0.0177066820807134
0.0082506798623691
-0.00168219188650825
-0.00143051105727336
0.0469256115698905
-0.00053661850509791
-0.00217727774314673
0.000249931420647295
0.000704445952459551
-0.0104497961968515
-0.00232867311738967
-0.99903710949491
0.00467460902822509
-0.00163864218856184
-0.00103093729910298
-0.000985673041097702
0.000680958176127058
-0.0121529311519035
0.00246151943889405
-0.00257610087726789
0.00274043924277484
0.00356012783860795
-0.00205062241176757
-0.0159426394774638
0.0186412670560447
-0.000501512306862592
-0.0274101857366907
-0.000702568510058801
-0.000424554796236854
-0.0014009716662039
0.00496927603075328
-0.000344542797140147
0.000140888127320319
-0.00169638598075885
0.00870531208590202
0.00464443675047972
0.000668053423372568
-0.00637755111144777
0.00247230292800405
-0.00598961480700765
-0.000756881932530705
0.00531201578593259
-0.000575399040750332
-0.00424650502591697
0.00010928419035002
0.00255260071305535
-0.00919527395068122
-0.00517373925114756
-0.998496663313347
0.00859864851490158
-0.00350820321738036
-0.0105313388147582
-0.00481490628596805
0.000965500204543775
-0.00757345389264178
0.00738019426332338
-0.00495247750944085
0.00521303354221022
0.00414038740506643
-0.00273968995727333
-0.0159550011991764
0.0150846217823555
-0.00036279633157763
-0.0333890395319958
-0.000186567344728557
-0.000669471982344014
-0.00214066370916837
0.018851784665891
-0.000516290005903813
0.000288433757398898
-0.00450361569771327
0.00153900307036062
0.00395335368677816
0.000304103138071057
-0.00608560443691199
0.00325948699787464
-0.00535579973219541
-0.000398651122131685
0.019647110865821
-0.000221054489153894
-0.00239477955137692
0.000326832818703667
0.00235192730122103
-0.0107289534288641
-0.000203834897479349
0.999039022724411
0.00738147028769998
-0.0023203438033626
-0.000376052216095169
-0.00232092515670223
0.000797132507753576
-0.0141290969816744
0.00472068603231921
-0.000939774268896192
0.0149378916498495
0.000890625488661731
-0.00275755588433949
-0.00922885144277194
0.0139782019280368
-0.00018082897902917
-0.0150447412726977
1.53793652650911e-05
-0.000291172739173884
-0.00188942005233973
0.0229296750211457
-7.0043981780579e-05
0.000138680820558995
-0.00276727812650291
0.00559614845685896
0.00168363326124137
0.00132718806589001
-0.00666819094322335
0.00453463541394105
-0.00434337255005291
-0.000512012640373823
0.0104867800740148
-0.000290232384099049
-0.00882131651261104
0.0011730619250945
0.00526574028689687
-0.00992482407599762
-0.0015672732553107
-0.98946871282599
0.0252946143321506
-0.0209761242180487
-0.00975151907049622
-0.000523968595635003
0.000933901248612667
-0.0248213076147614
0.00697856390526873
-0.00118940271423997
0.0515602634860489
0.00379572471296223
-0.00264984825470582
-0.062917384444422
0.0449919761036827
-0.00124808180855523
-0.0867469419069968
-0.000772762359732159
-0.000323152200932123
-0.00321050795899158
0.00655103597423014
-0.00139032094571025
0.000454864784221107
-0.00244495442828597
0.0232978887399064
0.022477719194782
0.00174810068411973
-0.00277424937943049
0.0123043178733011
-0.000956545860742732
-0.00244916127983454
0.0378541739595237
-0.00279281191572914
-0.0145845276269171
0.00181903880379815
0.0332231808707326
-0.0287083346608488
-0.0132259752836471
-0.964921679575784
0.0308628353393921
-0.017907944843561
-0.00437704466241715
-0.0162220221402712
0.000753191198210485
-0.0248611191325531
0.0249012618385772
-0.00279862538713978
0.0365929273002574
0.0199212505189301
-0.0125614585683689
-0.101021731941495
0.06110979348917
-0.00109484356052884
-0.191131916206472
-0.00444246586120893
-0.000667882934259575
-0.00108098611668072
0.0986005572503629
-0.00227999160187006
0.000440673187276834
-0.0115131378754611
0.0152369439505613
0.00657432323059742
0.00128317964686008
-0.00134111370717699
0.00301186189764384
-0.0354591794078362
-0.00211658212275398
0.000443041673413466
-0.00087835188584683
-0.00204545284725307
0.000416456757584358
0.00142699246109263
-0.00305535019776146
-1.56948001656285e-05
-0.997287683245816
0.0200244841816772
-0.00621266316784006
-0.00810825312873952
-1.58737187433835e-05
0.000408183132757342
-0.0117245740000615
0.000622182614061535
-0.00304271301583877
0.0298948040579078
0.00375395292438483
-0.00349132414983187
-0.0234020557905152
0.00536641319250981
-0.000795826787706075
-0.0442645488664936
-0.000956761054747538
-1.9110148109434e-05
-0.00226183265533552
0.0253356826913396
-0.000278364804861496
0.000340862001620588
-0.00384469860271063
0.00663353517272524
0.0143414567028536
0.00115997607188336
-0.0108678357572882
0.00390748047225559
-0.0150159325669345
-0.000105654581702003
0.00435435661002348
-0.00155775920644466
-0.0295270011433647
0.00175427228747898
0.043030183631111
-0.0615495013462678
-0.00194532681545259
-0.907176077191351
0.120119663151281
-0.033077698055556
-0.016103156045627
-0.0390830630801751
0.00537065512026967
-0.0109830340183607
0.0447310408604037
-0.0182835528158094
0.0083802045470067
0.0259573460228306
-0.00365811752315473
-0.00038745021082567
0.0824510149768525
-0.00526132528002731
-0.265323672019429
-0.00568744025704691
-0.00345392001916398
-0.000556672947717111
0.201960236314525
-0.000649150391284244
0.0020074118695974
-0.0107305395940164
0.0691061970789895
0.00852265023451728
0.0093306794902759
-0.100875405754522
0.0308361115435307
-0.0740188932992741
-0.00202171796849069
0.101188333642176
-0.00035931465982742
-0.000775043715111703
0.000124538125235334
0.00131415856466698
-0.00566622634584471
0.000134380242597659
0.999625047259527
0.012053465128359
-0.00147164076137558
-0.000839031931332855
-0.000908377954312498
0.000331864631452389
-0.00599485440344558
0.00179617368730788
3.81240184841911e-06
0.00555109925177499
0.00176202364114551
-0.000873897743410897
-0.00455054980748522
0.00292573681896488
-0.000207866781734868
-0.0190536996744984
-0.000444331435999745
-0.000197234158090731
-0.000111770042905494
0.00180816747751734
1.69226699737755e-05
0.000162023385383442
-0.000614150387048108
0.00192667189246215
0.00432578626004797
0.000445170601160123
-0.00274295566003721
0.00131967158522639
-0.00372393150387909
-0.000461029337146741
0.00707003313912407
-0.00043348194750254
-0.00501434177797479
0.000428769240979438
0.00199272659071803
-0.00196264255191763
-0.00491603606186278
0.993345861666176
0.0288372235192306
-0.00383773923703334
-0.0172153893282556
-0.005168100475463
0.0025644855900639
-0.0320711431753922
0.00826788107875266
-0.00322798500452892
0.0409849884417448
0.0102115654676265
-0.00654967125201766
-0.0222559745305715
0.0352789810475936
-0.0018150124637123
-0.0620295538978663
-0.000305949713172059
-0.00112133824868737
-0.000885771781480255
0.0384375252821711
-0.00128093012367127
0.000685272182463794
-0.0084125722669557
0.00319031191431824
0.00452943792531869
0.00292849702625069
-0.0275695605737642
0.00287880159186624
-0.0212137040756079
-0.00299972072678128
0.0261960216989846
-0.000109547750816777
-0.00191961480020032
0.000298585650358406
0.00242901517621094
-0.000188965300358506
-0.00194507814228433
0.999648859100559
0.00738108676889331
-0.00463536244316471
-0.0015827177645057
-0.000719667547772836
0.000502978649235994
-0.00672405655339644
0.00117153753266836
-0.000210741098260677
0.00417121376814395
0.000386801694754254
-0.0019662434499136
-0.0112006756374415
0.00604486137805745
-0.000320018799019777
-0.0149342958631754
-0.000485393511212219
-0.000304783540004531
-0.000601010269235899
0.00588896863152474
-0.00016255792747235
0.000195124091403668
-0.00159611181984352
0.00232341883657243
0.00781370398176951
0.000719705565146566
-0.000436201069841779
0.00127174137234998
-0.0039617517271015
-0.000673516401317779
0.00577286710821166
-0.00838399689324277
-0.0392934005668221
0.00496277093942446
0.0731368494738694
-0.072700597266166
-0.01699320392488
-0.870639113425037
0.0330312784041896
-0.0833794684166709
-0.0799932743086034
-0.015993733357048
0.0114275775618353
-0.105035879589377
0.00316095012603162
-0.0463515770646786
0.185252120709865
0.012181329163169
-0.00893908802711142
-0.0956973624877187
0.041003479224184
-0.00249794165954395
-0.308641913585357
-0.0111355815087686
-0.00338211157341876
-0.00359136557115755
0.0792222207033299
-0.00548095722234077
0.00411704607524555
-0.0153686282743186
0.063083792237237
0.081303539804543
0.0105874434878785
-0.148060735500539
0.0192776938829087
-0.122349846518017
-0.00198373325224179
0.0779574688247166
-0.00018804577065016
-0.000514867530537255
3.93313319669956e-05
0.00256832716917504
-0.00444260439585609
3.55517719707209e-05
0.999842652931557
0.00807443975907497
-0.00208694649365911
-0.00140151293709431
-0.00173875592763902
0.000177130550947248
-0.0041283892009404
0.00146163534818014
-0.000381861659607772
0.00578635243416236
0.00141728614734006
-0.000180987747978985
-0.00642481919034272
0.00228716262974201
-0.000172061653595797
-0.00108810640300216
-0.000154213685552193
-0.000152307471477492
-0.000425520553843077
0.00904172127391709
9.92327622049758e-07
2.59040001875512e-05
-0.00127246996774423
0.00187348788034686
0.00186100101232616
0.000331376593561697
-0.00253482807042493
0.00172862015515852
-0.00259575454519173
-0.000435955116213567
0.00196594931780924
-0.00127879940162288
-0.0129307548019579
0.00092149395151803
0.0165337000667695
-0.0210765971847653
-0.002332203392179
-0.964415083530334
0.00792195144758264
-0.0141228841190397
-0.0411592716253612
-0.0264431678373817
0.00326728909344594
-0.056890225708987
0.0188163407729144
-0.0173947757486331
0.069951497967954
0.00509369493462531
-0.00459017345520821
-0.069938604390318
0.0463306883568688
-7.58129721489687e-05
-0.195478952914277
-0.00408217451341493
-6.82093858403398e-05
-0.0067157875253428
0.0643742451408882
-0.00301054020478495
0.00157814453855519
-0.0097808770034643
0.0367002728647125
0.0246629739402543
0.0077855785214932
-0.0256091171009217
0.000537265126252211
-0.00103811863101708
-0.00251534825541567
0.0725875335908174
-0.00119747078144291
-0.0085591701033258
0.00205298546885448
0.0244322157308339
-0.0546595523171112
-0.0195497253159986
-0.9782003512749
0.1313191839459
-0.0333546254301248
-0.00413972853035028
-0.0169149187881206
0.0034938400322899
-0.011928007828391
0.0265339350935129
-0.0131379663344337
0.0509311462069417
0.009740140699368
-0.0183930552621451
-0.082233012853378
0.00439443665503763
-0.00279784853484274
-0.0664425279802416
-0.00153128962960651
-0.00197133978773046
-0.0090183727036236
0.0494568536809429
-0.00144155569300028
0.000560856728284081
-0.00454718113890388
0.0402491462369819
0.00676386052059824
0.00708205116337458
-0.0180723393897844
0.0194629967771974
-0.00950873641923892
-0.00279894066147033
0.00890897054937759
-0.00354627896043573
-0.00379379495454761
0.00264735092370139
0.0379564592009566
-0.0109893567232318
-0.0187456153792941
0.938441162315796
0.0881318927981694
-0.0407538715040998
-0.0120247176216444
-0.0159249002191295
0.00761755296130159
-0.0204329338066618
0.0205494323603559
-0.00411476696447396
0.103174196928006
0.0148049017670154
-0.022796819341542
-0.159506960270872
0.043869975865694
6.96537599375383e-06
-0.0401929129490578
-0.00126113102189734
-0.00046001005103164
-0.00158836500874874
0.19639060603633
-0.00300450276485028
0.000162710900809896
-0.006575798686331
0.0847285124471776
0.0608455546180456
0.00784578605876575
-0.100349505795007
0.00746244872016132
-0.0743438065891534
-0.00323145717770911
0.0322845025608061
-0.00334031488314802
-0.00309143378540678
0.00141399214060932
0.0469292068045997
-0.092491058884739
-0.0139058956012663
0.802276000739495
0.0851143837156441
-0.0576565786517808
-0.0795234429890826
-0.0447001492023676
0.00525716016256091
-0.142529974579228
0.0552874365683245
-0.0109133005167841
0.0638402442962652
0.0366785733302342
-0.0188726939394496
-0.130835839080707
0.204228648322562
-0.00298429369909558
-0.355568376574995
-0.00666022487185116
-0.00332975747986395
-0.0018660905140224
0.247319968443022
-0.00540883036582503
0.00105219833361417
-0.0102543079306691
0.0640704823285773
0.0670830671930451
0.000581928085102774
-0.112810226008914
0.0284974176120768
-0.0473068992888851
-0.00967678443559247
0.161530120616477
-0.000243668517968616
-0.0237854811203323
0.00319010450702608
0.0707706355851129
-0.115661636951419
-0.0126177535958841
-0.903809619777822
0.261573773445823
-0.0719348921521057
-0.0514828572844279
-0.0520628787934164
0.00526329138649035
-0.156784940452058
0.0211246270206613
-0.0239897502248056
0.0155202839458815
0.0182999374022305
-0.0154193875195744
-0.0356471924617768
0.00177803510027513
-0.00467045342584879
-0.00757076426313541
-0.000180373447701023
-0.00461027346607009
-0.0165126424600087
0.122602616389903
-0.00433131104812997
0.00197714861209224
-0.031707634025651
0.105606629160272
0.065657375873763
0.00583972487340558
-0.111152830528615
0.0122926861378094
-0.0478674341074027
-0.0106783704730712
0.102422342484662
-0.00122487205643743
-0.00348085760596637
0.000276148999328468
0.00448424492605099
-0.0127008937566909
-0.00189749819120841
-0.997898541100217
0.0118526234522753
-0.000299581793671939
-0.00405936800028875
-0.00502070468726885
0.0010844390063237
-0.0197430102210008
0.00261371129965383
-0.0042515279630105
0.0093126161720315
0.00176744624977489
-4.92202750576089e-05
-0.00765036093515065
0.0201538889709112
-0.000483915194735083
-0.0433950782652039
-7.42144248738237e-05
-0.000222156589709279
-0.00137443604995766
0.0262089369835174
-0.000203808762012132
0.000311843701447848
-0.00428716677194169
0.0121622679983931
0.00544750394425301
0.00153147030390138
-0.0047909749438025
0.00129422017866165
-0.00677452185304099
-0.00133640856089771
0.00202754978684929
-0.000589382938306047
-0.00204194802841111
0.000260784582096252
0.00442575483017335
-0.0111382258659986
-0.00224110252176586
-0.99881253027352
0.0232740359290181
-0.00429143436275782
-0.00343034754979876
-0.00580122954268716
0.00020514575409452
-0.0132109757720851
0.00412531058727397
-0.00088489651443196
0.00766371714587167
0.000919299561426965
-0.000207776956988896
-0.0216237955778644
0.017928223681052
-4.27314613454895e-05
-0.0110022739582598
-0.000537866981453553
-0.000450273944965467
-0.00121863748717097
0.0047232282415815
-0.00048214544885118
0.000140898782472834
-0.000196817517323077
0.00985921400983079
0.0100341570923853
0.00130975383051149
-0.00153712329186128
0.00231981297115455
-0.00780177154092008
-0.000734784098094308
0.0126240808357446
-6.58278210100386e-05
-0.000356299960307558
0.000117795846663864
0.00297365938681236
-0.00212217946304226
-0.000812836035986784
-0.99984657241377
0.00534424245333263
-0.00202103040306333
-0.00161743501030291
-0.00164892922590506
0.000139161853687571
-0.0042174868409969
0.000751988107061503
-0.00119897220350452
0.00841441023142783
0.000279924151162512
-0.000721157266797993
-0.00302890161361754
0.00462291312388025
-7.03847391033846e-05
0.000521610593614407
-0.000259864185497929
-0.000104017917908549
-0.000354230552230695
0.00937446642962132
-8.9112588945811e-05
6.94095128033213e-05
-0.000465762315308302
0.00409909988620144
0.000162794232870803
0.000213845716334776
-0.000973120410853558
0.0018481251035701
-0.00386199184176462
-0.00044348487071391
0.00282892693606575
-0.000295945820079182
2.21358277991754e-05
0.000146210269684356
0.00267541499113739
-0.00331731308520093
-0.00071058031557642
-0.999669146633426
0.00987825925105309
-0.00201323619861
-0.00352147963340473
-0.00215880438949351
7.3165632202734e-05
-0.000426998702845535
0.000304098233151026
-0.000842875571935133
0.00618947735558332
0.000870402495195779
-0.000761320645277774
-0.00520080229850667
0.00948570271507881
-5.4314124900016e-05
-0.0136844305041908
-0.000299716827191538
-0.000262968068844267
-0.000329691051710381
0.00636542380543286
-4.2825968682804e-05
7.51983211698676e-05
-0.00088284791904775
0.000918888518849122
0.00550928130076697
0.000804867101207199
-0.00530242286719892
0.00105080014028782
-0.00282837719454099
-6.52679527992446e-05
0.00827972065685756
2.80318513244565e-05
-0.00112113297254406
0.000221560408103431
0.00513389615092046
-0.00675950541340721
-0.00138223080872013
0.998289680844553
0.00517135474776232
-0.000236968403926214
-0.00916691606932557
-0.00660968679773382
0.000342169368123804
-0.00617818042582526
0.00454887051115173
-0.00315450572048802
0.0245961696187762
0.00319937380159073
-0.00230362990539391
-0.0293865805608697
0.00377178681451961
-0.000807154843541396
-0.0182116923489606
-0.000130091508890135
-0.000225799620930037
-0.000867399429817923
0.0290153156080113
-0.000303129171352872
7.6278583384756e-05
-0.00297616549455343
0.00547567163852077
0.0087323648993395
0.00193641336945502
-0.0133638387157596
0.00385439363681593
-0.00107329147616264
-0.0013184375254962
0.0114183935800197
-0.000649991726331262
-0.00101330578729909
0.000405726471249892
0.00398174813796805
-0.00805422855326555
-0.00369488407818192
-0.997886894251183
0.022214479762408
-0.00438726523731741
-0.00220686552880488
-0.000162624137783124
0.000219379232223565
-0.00117137604007708
0.00600960996888276
-0.00405232619286218
0.0120085920262426
0.00120435723408434
-0.000376753252420899
-0.0119926659203044
0.00416762073047667
-0.000402250371494412
-0.0459397859245458
-0.000646467224874987
-0.000209074768933415
-0.00113007620231926
0.0284436932506231
-0.000704638008174911
0.000404552211218386
-0.00101624552344632
0.00635164570864635
0.0053727062093423
0.00174395564414645
-0.00844498266978681
0.00367561703685142
-0.0118667383040991
-0.00085914547799914
0.00504393404465472
-0.000989070969255004
-0.00229840065184296
0.000371762318007935
0.0123838226027013
-0.00225940133339083
-0.00473142764741693
-0.99752768140384
0.00063171025021457
-0.00139413904664542
-0.00529403978903743
-0.00484547538873636
0.000904557625754601
-0.0179476919178183
0.00447249568560601
-0.00153624166059937
0.0382721112638973
0.00476611998791354
-0.00217046323615234
-0.000751705861615661
0.0241426842623166
-0.00122089029376083
-0.022720122618141
-0.000787206372821268
-0.000543830140406899
7.49541333937659e-06
0.0049103866530022
-0.000268122914879467
0.000511556413689557
-6.92985605492097e-05
0.0101867308716779
0.0184217689303405
0.000441140107133668
-0.0149880157161219
0.00581919728654339
-0.0102955071781813
-0.000215960266407321
0.0304232923407941
-0.000288869127656273
-0.00352732855427429
0.00076384658898505
0.0110271293804577
-0.01355657498449
-0.00160765524380157
-0.996527693715398
0.0157198333057161
-0.0152459485902742
-0.00992837670404903
-0.00594629948103275
8.95343626685572e-05
-0.0257506751576333
0.00063398973429995
-0.00354327550141803
0.0347314086279808
0.00651981564443166
-0.00304110146942662
-0.0418624453572043
0.00282756201504178
-0.000561105759431689
-0.0187985432420596
-0.000134552918234368
-0.00121708934081202
-0.00267138405617799
0.0211860119863664
-0.000119759815318655
0.000111643408503806
-0.00679918466014062
0.0165801407807257
0.0180906564103721
0.00230608273686309
-0.0142886000487677
0.00382159635573423
-0.0237487960088965
-0.00203248885300747
0.00718453483766927
-0.000117923429227906
-0.000749069843842043
7.49443676094307e-05
0.00131346737452047
-0.00127113112503459
-0.000950059464387689
-0.999964808749106
0.00286413979635982
-0.00127967676031316
-0.0002543553463654
-0.000592836883053521
0.000138948535956542
-0.00026962133564027
0.000734376380654605
-0.000876030563262082
0.00148307209487774
0.000483689549663882
-0.000629799722764203
-0.00218101097926569
0.00429870051420005
-1.75179673558172e-05
-0.00234280978844394
-0.000185070742231973
2.05016266488522e-05
-0.000281022696613439
0.00387079745044282
-5.97579283855201e-05
4.82814274523505e-05
-0.000362390723266473
0.00105248933298257
0.00193329127445103
0.000115053913825635
-0.00113014194136698
0.000385386639656838
-0.000778954251776316
-0.000263882924751273
0.000389617968765805
-0.000882459317973084
-0.00296591628993048
0.000775585779059929
0.0216364561469854
-0.0228359118745216
-0.00277120294037714
0.989508632042171
0.00989903863390839
-0.0190687077421761
-0.00828040085882662
-0.00141452788412234
0.000975902516038761
-0.0319071178058968
0.00294464141493854
-0.00363335587938205
0.000747897077222893
0.00101704718604349
-0.00231996987333784
-0.0326580457327333
0.0244324095740954
-0.000160345308044237
-0.12095017260141
-0.00123201471143535
-0.000177749597008685
-0.0017362194695355
0.028645305624052
-0.000944814903493259
0.00104015408649477
-0.00525882101637482
0.0254902053458466
0.00227011291183071
0.00378262839714595
-0.00131296685766944
0.00203522934076433
-0.0010140224791729
-0.00145794300544081
0.0214410433379909
-0.000377594556843016
-0.00049219467631553
0.0002064612533298
0.00741855773515297
-0.00857738106332996
-0.0025123240214286
0.998706984178111
0.0103878118590302
-0.00993418521531381
-0.00452642021344041
-0.00562642385580849
0.000896672569715751
-0.003501747392452
0.000757760668665989
-0.00186267574617991
0.0206033070912871
0.00178409129101441
-0.00260552730830617
-0.00534925664816316
0.00681109563199121
-0.000165923860635793
-0.0116572480589505
-0.00101027396584279
-0.000566419760382448
-0.0018163469500405
0.0305516729786076
-0.000829220695586373
0.000216698655055664
-0.00237466524452666
0.0118704552859519
0.00337409525308086
0.00136987806894435
-0.00843016655027043
0.00199428680214298
-0.00560373657016937
-0.000799127732647145
0.0179471061317254
-0.01060424032163
-0.053530277114758
0.00305562141269684
0.0178068402449517
-0.02680174717686
-0.0144755596709582
0.735459421617692
0.349687929412631
-0.0759838777700855
-0.0131800614823041
-0.0415716511160852
0.00341912857429991
-0.039060676189385
0.0627825885124739
-0.0144459605339878
0.290958731484592
0.0314957910727682
-0.0225255792254027
-0.312468226807517
0.0582198460740856
-0.00249715812554879
-0.30564378017147
-0.0124461530761453
-0.0065967235204362
-0.00929478768534531
0.0125856487963063
-0.00123759961674918
0.00310704016824016
-0.0346108074359876
0.0969932073010696
0.103055924341384
0.000315434349128537
-0.0357716356615594
0.00269611073587729
-0.124523638124591
-0.0102963530099955
0.00600078839535004
-0.0016882510804662
-0.00907194878862637
0.000108955524010409
0.0466672838770952
-0.233510823726612
-0.0541450946275704
0.217305130926233
0.325778502220324
-0.126384146020957
-0.00280706158817668
-0.0102935099765135
0.00866509366769589
-0.0583681973719777
0.109917318839547
-0.00529544950783513
0.236027773174018
0.0696166709374641
-0.0512377266939394
-0.404583164215839
0.374475816446513
-0.0109320581662221
-0.355455530756428
-0.003975956073643
-0.0100858261802943
-0.00193890513050667
0.416575441780811
-0.000628734328248544
0.00568799716136516
-0.0213861686547308
0.153290065786959
0.152592816888172
0.0309792344715828
-0.00113661881331443
0.0583031120043114
-0.189021983379713
-0.0205076655712049
0.0154438259393938
-0.00145476925073437
-0.00822437145495484
0.00074128447555489
0.0114138311601123
-0.0207106369570036
-0.00520469948180981
-0.9946098195138
0.00675266982254073
-4.82136806108011e-05
-0.0170538605567864
-0.00928469933468438
0.000417094591386085
-0.0269048434046861
0.0089906512769294
-0.00757776108060285
0.00902682288674281
0.00764375653852854
-0.00744913181525724
-0.0045568333224117
0.0323825524101541
-0.000358228119364443
-0.0783950838327439
-0.00023849199343323
-4.78600611352375e-05
-0.00310614937946124
0.0274151026122273
-0.00108646725570053
0.000558483251336069
-0.00246019711100316
0.0168403525694652
0.0155916606962929
0.00134093390578771
-0.00118970927161691
0.00671583112583527
-0.000191574767555228
-0.000376003168598583
0.00741774254178294
-0.000672205025107149
-0.000465024948194419
0.000785285537233632
0.00926645942453593
-0.0139220131404254
-0.00199926441463592
-0.996703544121268
0.0256613965446162
-0.00910305577679339
-0.00900569237895692
-0.00963218542366747
0.00118865699513827
-0.000277441050818805
0.00373878342551459
-0.00376610922364428
0.0251734075316916
0.00143190650536232
-0.000511805444637853
-0.0450585914468806
0.00202027879616869
-0.00125115888405315
-0.00603159924503812
-0.00111710255151117
-0.000847196828242257
-0.000766578059812416
0.0409663879449305
-0.000449610544183029
0.000370047654119421
-0.00120129430066529
0.0166224351226462
0.00052670183804156
0.002847993529861
-0.0102005484396701
0.00616488707874888
-0.0049640043940303
-0.000952259123802897
0.022560391782496
-0.00104398695718464
-0.00236682104961003
0.000287011998774739
0.00886202650234537
-0.00499752047533532
-0.00376563399297757
0.998540279293145
0.0197349249026658
-0.00836582530239307
-0.00804964629804627
-0.000366387493585081
0.000557995054980901
-0.018798498775036
0.00160273645134877
-0.00010716094453379
0.00803274368321459
0.00432242808016965
-0.00293108148649471
-0.0131729417458886
0.0025438557355908
-0.000408656467306828
-0.0355740304378035
-0.00117038604521422
-0.000124627768088549
-0.0011461835966117
0.00420042644500222
-0.000702575517363026
0.000136701348014673
-0.00344150283767551
0.0100513591239064
0.00275920530822242
0.00191588992259549
-0.00398776782919576
0.00236918444696455
-0.0044885659664682
-0.000802318144539215
0.0136890691569463
-0.000102597022849709
-0.000809427051341486
6.50147360138409e-05
0.000676794253396416
-0.00227962280086753
-0.000962724085730271
-0.999953630980444
0.00365762668284199
-0.000388383725893829
-0.0012980559465463
-0.00108221104336589
0.000137109885374028
-0.00293804778802577
0.000916851492164377
-7.57711446776623e-06
0.0025975933609725
0.00031229064009284
-0.000274183676688248
-0.0020293672191036
0.00232836310030443
-5.5680744915303e-05
-0.00448347872536497
-0.000102179528925825
-7.34925233678758e-05
-0.000225182690556077
0.0030683991331929
-3.73053142012347e-05
3.82047948093506e-05
-0.000352968655467488
0.000171442467308133
0.00135225365220703
0.000263611084556235
-0.00146359294743276
0.000156154138433349
-0.000274967104828546
2.36728122605778e-05
0.00304366916623651
-0.00188631317795186
-0.00957468721923895
0.00293566924574813
0.00133267354611068
-0.0600613042433578
-0.0221517184779279
0.908609642451336
0.0492277352786077
-0.0278932932123692
-0.00696647332584951
-0.0154762372203065
0.00238483665976942
-0.106384555772598
0.0336198692859581
-0.0257642070587883
0.152478722845562
0.00207250422697333
-0.000216783734777233
-0.132356009749526
0.113087468942823
-0.00124969824051675
-0.264125888873619
-0.00467070993413468
-0.00242531792919347
-0.00270644650845857
0.130253253798232
-0.00192174562222462
0.00237266801573468
-0.000730751489077653
0.043747827880686
0.00326043799046628
0.00221653427511636
-0.070871157441734
0.0175909395163077
-0.0449208584663943
-0.00177048940435426
0.06324163700923
-2.58189851094315e-06
-0.00114204464840355
4.55892034762564e-05
0.00103954866416251
-0.00282945387490096
-0.000765451284535683
-0.999669459306426
0.00152206757242712
-0.00149867627811177
-0.00279259967547445
-0.000770305554239143
0.000161612298379153
-0.0109672635319447
0.00343045871803097
-0.000933132007623089
0.00948485778948791
0.00230934929861111
-0.00220690244077013
-0.000487700944215028
0.0059733172020254
-0.000246157500354106
-0.0013278046492662
-0.000361426976045985
-0.000280824406781775
-0.00010912217284788
0.0157941967701441
-0.000292899726275713
0.000100666236437005
-0.000127130036481932
0.00189842486063814
0.00312876951375652
0.000959600314990602
-0.00838051496235098
0.00296135176709497
-0.00423468067008759
-0.000825836403955289
0.00211270027063693
-0.000107785689916892
-0.00102059317750127
0.000197196641371695
0.00704416447327818
-0.00405202539426292
-0.00268209480801403
-0.998643286609565
0.0197559086118062
-0.00571462647690998
-3.92593738477928e-05
-0.00290430757995597
4.09959164601138e-05
-0.00354948196292203
0.00278414147011681
-0.00150396952566252
0.0207132729498149
0.00110157499714691
-0.00188558170792523
-0.0112225238347044
0.0168515179058001
-0.000200424344687789
-0.028876100888614
-0.00010156504049524
-0.00028928619925849
-0.00132324251259243
0.0181204279077592
-5.47775211252643e-05
7.1022912626775e-05
-0.000965678934692064
0.00322550044914415
0.0042330160876738
0.00085639650759448
-0.000183534349738036
0.00327804958604334
-0.00892903572044093
-0.00062153096247853
0.00738761426384305
-0.00146872813297204
-0.0124795006748436
0.000134951918556204
0.000765422209919565
-0.0343904099610331
-0.000533065555453719
-0.993783738513967
0.0156277395569423
-0.00505468475594489
-0.00829661787472417
-0.0080449066037188
0.00252896839738773
-0.0111577254261392
0.00468121798144989
-0.00569564154636261
0.0267012033845484
0.00720741979254755
-0.00197520808002881
-0.00615853919036438
0.0451877781652071
-0.00206880408848154
-0.0262424713335991
-0.00162973479210484
-0.000278774248509331
-0.00512206280950848
0.061338302129097
-0.00216245596558237
0.000633467268352439
-0.00513935762751111
0.00325524888275922
0.00945992703650498
0.00631370766497291
-0.0204965405273159
0.0118849913698909
-0.00196383006126082
-0.00065113396873199
0.0489261780051054
-0.011858097378471
-0.0334648876209267
0.00662510945415152
0.0128710236052332
-0.270434090620886
-0.0296848199648287
0.0675815220444889
0.262560070083671
-0.0214334538120895
-0.0685178776614906
-0.0326077695534545
0.0208726794067472
-0.179842012413754
0.0165761955201373
-0.00568394298827815
0.125675435411321
0.0293569576568845
-0.0661288204469651
-0.0550489761888431
0.179496636242749
-0.0152717993152458
-0.597299800069798
-0.0143338121287401
-0.00114817815485818
-0.000888947991252923
0.556619552289637
-0.00997345781603631
0.00628557095143349
-0.0687844769084145
0.00784901946548717
0.210217989453558
0.00924666879806207
-0.0375608648656538
0.0761287543044002
-0.0385393585693635
-0.0188610542302952
0.17360197727158
-0.00149364099482761
-0.00661457980944264
0.00017757476240903
0.0113819105987656
-0.0037579269754905
-0.00506242712770899
-0.994010010175084
0.0165252709377287
-0.0153716156771673
-0.0149505450918771
-0.00858968288816826
0.00147684744711366
-0.0157422042558844
0.0109743567544397
-0.00461867913650852
0.0402748608145171
0.00122800503579295
-0.00641567151417636
-0.0147058187788919
0.0239202392332837
-0.000837270077157082
-0.0808704579240677
-0.00129030259349401
-0.000159133044209216
-0.00098808595857961
0.0183474901848778
-0.000676040101026797
0.00025317317202811
-0.00456050031271286
0.0206373470828658
0.00229320408503703
0.00213806593554185
-0.0116348692259507
0.00985362452080563
-0.0141786026288064
-0.00199476452434115
0.0173959911550296
1.07239055847089e-05
-0.00321891802168161
0.000559624966249191
0.00801458676318989
-0.00517118382199045
-0.00213271926707534
-0.997334235456611
0.0161735047268308
-0.00181742920791964
-0.00279213810112042
-0.00120548058760438
0.000378807621030236
-0.0163280924497077
0.00718791111397678
-0.00269411232928503
0.0127711622683583
0.00292852957670098
-0.000280751954432418
-0.00716775335566331
0.00649378292113485
-0.000216901410616952
-0.057369111714097
-0.000540734477661782
-0.00081121657801802
-0.00245366179155713
0.0143751076921488
-0.000445876247635143
0.000409350804680367
-0.0034469969427142
0.00210869676213914
0.00319890801940143
0.00167542674313684
-0.0184845719384208
0.00604370981223286
-0.0143844406323682
-0.00102004418312278
0.0152427801688588
-0.0105038162494808
-0.0112459737033631
0.00458695665754547
0.0865907525856554
-0.161160659857454
-0.0421415143058695
0.81184030645231
0.270845278710395
-0.0789502401458443
-0.008798483809466
-0.0137858217065468
0.00105577351761412
-0.065213964881523
0.000327821954952288
-0.0397951984135318
0.249281105592485
0.0381781351045072
-0.0471920469034392
-0.236524644964488
0.19230765014607
-0.00330056234526307
-0.136657495730006
-0.0107891218211727
-0.00787785480247418
-0.00477216843928556
0.0941533928323668
-0.00327790370980907
0.000580212481446555
-0.0399261868733781
0.0347415350322395
0.00979086080770594
0.0192939458046951
-0.030912313280002
0.000296949406054295
-0.11176245519597
-0.00875729059903777
0.128092694267478
-5.37560031704761e-05
-0.000150840692607301
1.41843277220106e-05
0.00185209189330543
-0.000768107032915013
4.23409887358338e-06
-0.99994146767927
0.00638484291729833
-0.000791331444233891
-0.00113601333661646
-0.000160042445468093
0.000208493630077432
-0.00236537991405841
0.000372589558369532
-0.000883897653108066
0.00417576890330636
0.000225738092263917
-0.000590217541726523
-0.00355851351638021
0.00450474728416533
-9.73396674700513e-05
-0.00156106408308951
-0.00016662134676528
-0.000164786740951623
-0.000335855930561066
0.000910799594965777
-3.68458079025326e-05
6.44005594326391e-05
-0.000488241277921103
0.00112804808316465
0.000911845767862172
0.000426298804288667
-0.00124374145339675
0.00057706314833132
-0.00158618102381688
-1.58010403441101e-05
0.00160825564458152
-0.000275882385932903
-0.000934347113271443
0.000241935565419839
0.0027777137253517
-0.0092412733698986
-0.00177792551631116
-0.999111101067621
0.000929796534255699
-0.00614533751437505
-0.00491868408517755
-0.00344697961837348
0.000321101981719477
-0.00505726619829819
0.0037463953938114
-0.00301173152224407
0.0080824192335926
0.00169323730411419
-0.00122721887644319
-0.0118303268749772
0.0160691654695138
-3.62273102637833e-05
-0.0255305995525173
-0.000758780923125394
-0.000251951021069684
-0.000685225957457983
9.40179432814887e-05
-0.000599673559005368
6.04168477667794e-05
-0.0017977940200447
0.00795421626513296
0.00524231359172039
0.00170901998475136
-0.00156561754946734
0.00310621145400533
-0.0104128538384698
-0.00042072023371057
0.0147464192767394
-0.00486846384635217
-0.00247774956290304
0.000954610410443339
0.00520135303421932
-0.135470710557122
-0.0346228989311949
-0.754517003891526
0.0094193211390371
-0.0149223303506639
-0.117142826980145
-0.0305382085726044
0.00329843048671171
-0.159112171631708
0.0245117620691997
-0.00589057005158206
0.00974611653867719
0.053779885051957
-0.0478222870843873
-0.293104978758612
0.00869148362311723
-0.00438705026354235
-0.241142731139994
-0.00266687153576777
-0.00384965881276348
-0.00402223802265925
0.391440100380702
-0.00687254991447194
0.00378094544582243
-0.00675943121052645
0.0367537328143934
0.151235169280432
0.0240898756363769
-0.11624783813193
0.0469249299930625
-0.160207101362528
-0.00346728044669425
0.0341845699707598
-0.00198266785987243
-0.0102940767917106
0.000403507325370079
0.0267529295427589
-0.0226496325086436
-0.00648977090061213
0.989517535290894
0.060113672853942
-0.0283540878403462
-0.0241467027258265
-0.00706964965916091
0.000406400993620501
-0.0435652900935211
0.00624567697809038
-0.00636469811564035
0.0141350682485769
0.00250456292097024
-0.00413886826486323
-0.0636247013075808
0.0240029869399825
-0.000213009859668279
-0.0291570842499051
-0.00305811859338299
-5.24361789279673e-05
-0.000179943583392457
0.0526796742537335
-0.000487060316623973
0.000512698582787937
-0.00138514714338301
0.00734566604719997
0.0329447505022665
0.00429790333115346
-0.0400746807532013
0.014892175445639
-0.0181123315220555
-0.000975138711802782
0.0254310582656623
-0.000718658983257274
-0.00351086678986844
0.000151049993378638
0.00313982789379809
-0.000150049558316732
-0.00104699546584355
-0.99932529408456
0.0201168054177278
-0.00218857136605078
-0.00309338414184695
-0.00261911743433617
0.000426497800054971
-0.00429603320193235
0.00265023108975782
-0.0018438555896174
0.00294309831923683
0.00158772641865402
-0.00271843124045125
-0.0231788411757719
0.0107140303204038
-0.000357539927720546
-0.00212494688773555
-0.00069411228318796
-0.000554297055979728
-0.0014825635622007
0.00809231872818522
-0.000571878989146671
2.14406563337851e-05
-0.00031443775932028
0.00265884284136195
0.00503087764390067
0.00181546940747339
-0.00676371756023986
0.00134117635475303
-0.00611098887414757
-0.000983179105652942
0.00210986748492433
-0.000923360921379445
-0.00254331584159765
0.000277785572473672
0.00201658158820713
-0.0040023988591308
-0.0018653034754399
-0.99770626013455
0.0296891746435918
-0.00136254937381083
-0.00916900303463494
-0.00438490378194482
7.55420686345377e-05
-0.00916045290538358
0.00396189737981935
-0.00307942034681369
0.0268745325544622
0.00468115179450411
-0.0025924170458024
-0.0296694770897331
0.0145171473430331
-0.000244583883006476
-0.0301776021277954
-0.000249662206232158
-0.000627370290567261
-0.00185596695291662
0.021673799067436
-0.000594526344889535
0.000407329993918254
-0.00172422787198066
0.00196797987844406
0.0101659174487477
0.000895209508506702
-0.0100525126718161
0.00036647502906773
-0.0039027193137386
-0.000409739784279145
0.00107428987137851
-0.000107361042013353
-0.000538554699798956
0.000165370183827592
0.00162199645024939
-0.00624678435744781
-0.00361836803196396
-0.998367502925364
0.0242310132947055
-0.00837541504937363
-0.00511257441757377
-0.000366284751396796
0.000408544225108728
-0.00991607510991322
0.00066564570727673
-0.00155618233726848
0.0091598518203488
0.00100315580735449
-0.00357463556920505
-0.00657435929883041
0.0101910419075251
-0.000275495016494667
-0.0437588462288271
-0.000606815228609538
-0.00010575392132204
-0.000899583007531356
0.00881079913542806
-0.000613170981011909
6.65079015189135e-05
-0.0034357671220086
0.00650542354910964
0.00329145476183733
0.00024925798234428
-0.00977776597837108
0.00257540048287144
-0.00267217277555508
-0.000700806628660976
0.0029263655848633
-0.000313928675128353
-0.00137379271742722
4.07433846540767e-05
0.0029192563142232
-0.000378066019070755
-0.000505212286332239
-0.9998801646469
0.00101407010996236
-0.00100654489043521
-0.00243339623462383
-0.00160286558545311
0.000365042115191836
-0.00397376810504469
0.00102719499935779
-0.00108838318128406
0.00195961723528322
7.86229901365796e-05
-0.000768115567506034
-0.00273712472316102
0.00498273209513451
-0.000249522644206187
-0.00954478107126846
-9.8792870477899e-05
-0.000138741293754712
-0.0004015629270754
0.00447053752944417
-0.000170530963091973
0.000112102887627624
-0.0011567670385181
0.00322204798822375
0.00178986982715968
0.000123572317152091
-0.00350787159773716
0.00145403462953617
-0.00227377428074064
-0.00016475788625487
0.00416642250492866
-0.00050910250750549
-0.0023018420706309
0.000111908645533431
0.00389542750838979
-0.00884911022818696
-0.00174283399203906
-0.999612554981323
0.00850017700232398
-0.00164259384029467
-0.00431319708571861
-0.00288168143236683
0.000566977895429288
-0.00315813346452234
0.00412254642023637
-0.00188745067501406
0.00317620548276106
0.00213386199406643
-0.000373799375905182
-0.00304459023242335
0.0138465848671103
-0.000115045727543576
-0.0111084694223796
-0.000481935537228762
-0.000127588898531479
-0.000990947795780965
0.000498406740478497
-2.0647260655292e-06
8.64791110831708e-05
-0.002952229411131
0.00347119998244491
0.00333122876451211
0.00019807490551027
-0.00637626101683003
0.00447376341687289
-0.00170579668846468
-7.99205395171227e-05
0.0101869521704367
-0.000332346629723756
-0.00585430158848655
0.000318812405154925
0.00107377496444428
-0.00794456281236746
0.000258739363530086
-0.998172687773167
0.0326169734985018
-0.00709510320546755
-0.000452854191292918
-0.00677318373636412
0.000243818151844105
-0.0127817604045639
0.00438146426098878
-0.00160494621805999
0.0321643439088531
0.00657022028654517
-0.00159484636146201
-0.0200124615687055
0.0115835126598518
-0.00109469209540373
-0.0113076904609536
-0.000732628637315157
-0.000824763304469582
-0.00188302758749314
0.00957101585453669
-0.000794556545798133
0.000300959830765774
-0.00192452817362896
0.00904213289660171
0.00967376292414577
0.000978124169235895
-0.00654369038892146
0.00715818983916157
-0.00456875708252354
-0.00112217667082378
0.00834812626409895
-0.000429102468105
-0.00143963742455751
0.000347188493592998
0.00386011116823434
-0.00286517325069969
-0.000825931231762533
-0.998922579272837
0.0228296128264584
-0.00313779556243182
-0.00644807217599565
-0.00191534753947418
0.000506783502560783
-0.00181768218709442
0.00445522856201653
-0.00260161880410362
0.00190593814045373
0.00266464245732042
-0.00318616935960309
-0.0100054996300141
0.00586426126514062
-0.000180582733568415
-0.0242511433210454
-0.000673086483216261
-0.000167256075696579
-0.000990577948199803
0.0232086529793553
-2.48881305200387e-05
0.000316975432555365
-0.00137084118217352
0.00400368773091063
0.00362564231546832
0.00126405858631554
-0.0106442133220268
0.00126475603896406
-0.00704747893708234
-0.000334350003864632
0.0063230490577314
-0.00169297128653351
-0.00486948274232401
0.000359261313421255
0.0108909399435735
-0.0361790990095304
-0.0107518191187324
-0.990948850205262
0.0365940061477849
-0.0162808831195078
-0.023040879036899
-0.00693876985184801
0.000836186670409626
-0.045722464759834
0.000638070718252989
-0.00216954052922415
0.056471734990317
0.00727563457819689
-0.00998823674413573
-0.0589585296308165
0.0357277484769208
-0.00136478145013379
-0.0208489853576517
-2.150098725006e-05
-0.00084018717733698
-0.000246919132489959
0.0148195416883027
-0.00151402436209263
0.000945858469722826
-0.00763492919726099
0.0201398806660022
0.0231346776479353
0.00426157834155616
-0.03480746128377
0.0143674371916777
-0.00374597647487089
-0.000562343190432731
0.0310948308419363
-0.00368079080912538
-0.00562603137304081
0.00202354811845719
0.00929796567768096
-0.00454992720455285
-0.0172721786366216
-0.958074931214658
0.0538670135485568
-0.0522731703871746
-0.00383567454079746
-0.0338298859156229
0.00531032917813995
-0.115318460811314
0.00610863699985237
-0.026300443594855
0.0128772656134033
0.0169535396041009
-0.00111343954091099
-0.0362296800665014
0.112872610672937
-0.000214725875282144
-0.144224143678726
-0.0036046191560513
-0.00057224742199249
-0.0101255885744476
0.120401331911397
-0.00488806749549692
3.7309939176056e-05
-0.00437821645778946
0.0544416037544791
0.0313297669983332
0.0054496390685891
-0.0343005458984863
0.0148431057549503
-0.0713284319041812
-0.000269587893549008
0.0191209695142005
-0.000926906410825491
-0.0032655681793528
0.000159905023647621
0.00123269285102373
-0.0158227293688178
-0.00529756092098567
-0.99880191880043
0.0168196949101628
-0.00364067617367899
-0.00026784853895437
-0.000545916622492506
0.000706129075325492
-0.00862567053376941
0.00354018152745551
-0.00543295974113971
0.00950579445169663
0.000851910880009756
-0.00438305213617756
-0.00755293735504487
0.0104777651530911
-0.000371318001221407
-0.0133473152677772
-0.000810267071449608
-1.71084554219111e-05
-0.00148911743278098
0.0243989968871428
-0.000753785998304153
0.000212336271335365
-0.000752879583481901
0.0070004255075717
0.00862156149491187
0.00246544571795861
-0.00816917544216817
0.00379083848515999
-0.0126989600598299
1.29441188645791e-05
0.016223186186276
-0.000999123553888909
-0.00499933307852092
0.00106312818537329
8.79549002837737e-05
-0.00415007828732615
-0.00201642853003665
0.993678985653353
0.0263628228528843
-0.0144307308198584
-0.0132508772375887
-0.0103241393565956
0.000314838704256287
-0.00375465487279706
0.00940837295616908
-0.000388065342774139
0.0170906321009686
0.000619470752060453
-0.0016851762114128
-0.038806945643382
0.02887938832682
-0.00152594039380697
-0.068801921880215
-0.00110816451627555
-0.000107456934083717
-0.00027365094544177
0.0487191926636708
-0.000510118528915753
0.000760764645880966
-0.00312566131762516
0.0152099110431499
0.00797583948148562
0.00454578347540018
-0.0235195628444329
0.012203299779382
-0.00713447433437863
-0.000799905658021059
0.0209593506552784
-0.00131072136126153
-0.00855342117216642
0.000692579548112422
0.0101083870191945
-0.0237406668771703
-0.000209209262628634
0.992509407103301
0.0560372583806668
-0.00181108241779481
-0.00876895460382055
-0.00389699317752704
0.00106218046265023
-0.00669994379767711
0.00793289160494922
-0.00511355925663937
0.0281185461919255
0.000108258896684647
-0.00733469861356548
-0.00251136916846423
0.016290687812474
-0.000255377868085081
-0.0741720026395234
-8.42958902311117e-05
-0.00128426578208406
-0.000803411937137899
0.0526046171155107
-0.00153971198541778
0.000178948312308898
-0.0065091076206217
0.00568237182108849
0.0196527143708698
0.000681901942983977
-0.020385198318991
0.0101553340128553
-0.0179256122901648
-0.00156061055996477
0.0109445869216158
-0.011587607599192
-0.0626880217540962
0.00341338142072398
0.0628195414453799
-0.128812867524505
-0.00685879919715148
0.307412717160532
0.238188537574647
-0.0345156511250646
-0.133420521908294
-0.0126107202870767
0.00734348865024862
-0.0689764182269867
0.0884245333070832
-0.0659808395777349
0.137673778604869
0.0674291517960456
-0.0272366090966232
-0.399831522487477
0.11834560091368
-0.00641192503111504
-0.50239937543532
-0.0151106430614039
-0.00905030747806047
-0.00893057380973202
0.449190783208883
-0.0106065105581921
0.000917939091227208
-0.0380999773986237
0.0223991783940545
0.1599949948952
0.031725330991869
-0.216179406317208
0.0251478456711619
-0.15209934164315
-0.017556637018737
0.189114559163233
-0.00991560537552411
-0.0440609322673126
0.00401135682355355
0.072454305584927
-0.145380366722677
-0.0490732981313585
0.485572019650156
0.254123305176241
-0.121173824578093
-0.073830870023709
-0.000938851943410857
0.00951875366666209
-0.253775304508235
0.0588587941013719
-0.00981573013680181
0.0758654303371047
0.0338265905928361
-0.00617158996102835
-0.360493536513999
0.313076798884719
-0.0100102031134733
-0.476848773409919
-0.00246770681477088
-0.0100905964207958
-0.00859576305479505
0.186205744943341
-0.00215697078911622
0.00105857688452389
-0.0284688838705705
0.0944871439980759
0.0152788077601748
0.0165089986108713
-0.168221335686417
0.0179852405990824
-0.041823591378307
-0.0158567975769745
0.20611024295687
-0.000323933919672482
-0.00191558681555456
0.000290024925966177
0.00135032487332249
-0.00836124597740734
-0.00175614751514718
-0.99922466584399
0.0105649759322539
-0.00320561808018716
-0.00155995507289033
-0.00166030135948663
0.000481530522681146
-0.00633181048582772
0.00233611464710815
-0.00033189931437792
0.00123982075665843
0.00136018381201309
-0.0016184734950727
-0.0135315685299045
0.0136119318588868
-0.000351278555651793
-0.0238630333670551
-0.000624825298124136
-0.00034907836370257
-0.00107392378040806
0.0161151158031266
-0.000260260008653031
3.37977416550777e-05
-9.81551776196936e-05
0.00252119928941922
0.00499250395898329
0.000950666423970151
-0.00721457293261757
0.00154162154243921
-0.00206350051344407
-0.000581583629400049
0.00134273697057503
-0.000186263186803385
-0.00124187559672824
5.58964079347109e-06
0.00133664493878072
-0.00332800850399456
-0.000607394847002398
0.999896253205026
0.00644429781167422
-0.000239598158889905
-0.00285718266555249
-0.000366385123839499
0.000340660753242819
-0.00269681112643371
0.00113615413748138
-0.000512548274600999
0.0061551076923687
0.00107334938666805
-4.42669359092202e-05
-0.00099231884369168
0.000880998068644976
-0.00014767234081061
-0.00692911961866598
-4.59759827126068e-05
-0.000206837894862836
-0.000178173761322316
0.00346494327958535
-0.000222998041900811
0.000113160925974943
-0.000567847396479983
0.000764466340828011
0.00022918072593057
0.000239529315836244
-0.000504961510665009
0.00155439318601854
-0.00167017080348476
-0.00031075972810999
0.0051278136552547
-0.000389065875145652
-0.00624815360933376
0.000975335979923469
0.00288824573476421
-0.0150004366504092
-0.00690737075802755
-0.994688990535761
0.0534238193734147
-0.003653192532503
-0.0165875224409415
-0.00818836964965128
0.000608241642969644
-0.00406013838469389
0.00937741392211483
-0.00810329500278566
0.00924647618264778
0.00902011222135893
-0.00127131933647092
-0.0309175498761856
0.0192133459793984
-0.000454058076126967
-0.0517938564059643
-0.00160505231774108
-0.000540764231598477
-0.00248854264472082
0.0223780852179897
-0.000739204311639565
0.000666415531621758
-0.00144176502531928
0.0198389800573997
0.00342370870714021
0.00186897943971121
-0.0239609988733041
0.000948568422702127
-0.0223131419960435
-0.00241738959315734
0.0267527878360136
-0.000467709712720501
-0.00210663124482202
2.30067007705181e-05
0.00173684108947889
-0.00753465377304369
-0.00262622166639001
-0.999379156732806
0.0149506687574812
-0.00344315332371413
-0.00343895605684992
-0.00222171046350648
5.26963558824824e-05
-0.0120330406503325
0.00278585177114316
-0.00238047666310237
2.70121026280045e-05
0.000892838873442247
-0.00134648804525828
-0.00230284555567022
0.0156935930089862
-0.000248363668272125
-0.0161118339885503
-4.68137140004052e-05
-0.000395401479360337
-0.00110727322037668
0.00949487900966807
-0.00019984768449396
0.000155054388709923
-0.000722666301080645
0.00059934012337523
0.00422138518012219
0.0012333467533542
-0.00622186861049761
0.0035706277726733
-0.00631019948681399
-0.000248972217053532
0.00652481124471023
-0.00337688731705241
-0.00393285558910384
0.00098299307539595
0.000559055237927421
-0.0415585592578352
-0.00197420950487395
-0.973199228920376
0.0372468353319568
-0.0170159005312655
-0.0027453967414197
-0.00852845285304226
0.00197304092538243
-0.00433458665305302
0.00931114184467811
-0.00994893402640775
0.131857738366972
0.0223964217997123
-0.0151041948533194
-0.025382863224181
0.0215597835326572
-0.0022273271884143
-0.00397512457799546
-0.00172289500055659
-0.00380614986484091
-0.00507607752870002
0.162916757779368
-0.00220165534463447
0.00249048916047836
-0.0144561795731026
0.0227811961890679
0.0275615585708156
0.00254141089084335
-0.0387397389579717
0.00714916874269337
-0.0140661566617166
-0.00750618021630973
0.00403025358641459
-8.07817108463668e-05
-0.000340543311569243
2.46512301649331e-05
0.00046718303817415
-0.000229897370547564
-0.000614596034063635
-0.99998473746892
0.000875941206192271
-0.000835679577788707
-0.00040973736713167
-0.000444691711910136
0.000118548359505402
-0.00170606543405762
0.000612142603061183
-0.000247697924637515
0.00289166311179635
0.000592188962539974
-0.000315918990821259
-0.00170317979083317
0.00232945036911252
8.68436758449873e-06
-0.00173504358457436
-7.94456220924592e-05
-9.57972943807772e-06
-9.94556856220678e-05
0.000194520148459515
-6.55726535784562e-05
3.55604714601195e-05
-0.000468211311648746
0.000370447362043584
3.15554922952267e-05
6.94249101352906e-05
-0.00160886140005938
0.000757157801049869
-0.00038823500671593
-8.9501495259202e-05
0.000817670153126122
-0.000360979080681976
-0.00281481142427733
0.000267958906742784
0.00551127322395265
-0.00635265850309958
-0.00136593667193191
-0.998512790000791
0.0168378735442688
-0.000375777381848058
-0.00188934325248666
-0.00588957818744435
0.00107663787241506
-0.0180635005478373
0.00298405895782108
-0.00024160986663974
0.0209415813697074
0.00147000329254593
-0.00402230890377157
-0.0173544878440881
0.021403061607681
-0.000705987177147607
-0.0239909535472061
-0.000448569153068856
-8.04108060478531e-05
-0.000450031634304367
0.00495792156549847
-0.000344592867607101
0.000159950053456931
-0.000276812319997098
0.000709713549823678
0.0110612843509776
0.00191309715370739
-0.0031096450024698
0.00205294648079127
-0.00685585437542499
-0.000433464652962252
0.0151041862121325
-0.0112758123748
-0.00663390539143659
0.00655426718244995
0.0885948293858172
-0.171567564575091
-0.00877281477201955
0.372185676931249
0.0543750760970436
-0.0375286004330004
-0.108555382045386
-0.0672875619857986
0.0121892449468612
-0.0590135832395175
0.0235747483157745
-0.0110621266844172
0.252844380569293
0.00140114141569431
-0.0464427485611718
-0.346462422133879
0.245523676404116
-0.00732444009526256
-0.646064156881231
-0.00777165942703836
-0.00516790622604361
-0.0198003740091093
0.238628490718806
-0.00972461410149875
0.00572806950121092
-0.0082076302460095
0.00418827720830992
0.0320861094729946
0.0293224440391289
-0.167572725086277
0.00340494476106213
-0.107698642230351
-0.0113654029788198
0.188974903020161
-2.9959283421854e-05
-0.00460726193231052
0.00188344213537686
0.0336451498682416
-0.0484440140440851
-0.0154202822959848
0.937279517325347
0.00861770176500126
-0.00078750494109422
-0.0376172307306847
-0.00153636621299133
0.00654265132821532
-0.0355525678955172
0.0297170712304298
-0.0139671833483816
0.0741983158602271
0.017618259620567
-6.39972848279003e-05
-0.137845129942312
0.0713413748295472
-0.00349136349646771
-0.230506825767328
-0.00183945202389124
-0.00282521277778562
-0.00394107334475678
0.114829149316785
-0.000606018172982989
0.000259035136131362
-0.00541595197084049
0.0129302882501395
0.046680627990566
0.000359173968262836
-0.0622201987694751
0.00674058216638301
-0.0296417836834392
-0.0074782536028542
0.101960995335933
